(kicad_pcb (version 20171130) (host pcbnew 5.0.2+dfsg1-1~bpo9+1)

  (general
    (thickness 1.6)
    (drawings 14)
    (tracks 429)
    (zones 0)
    (modules 25)
    (nets 35)
  )

  (page A4)
  (layers
    (0 F.Cu signal)
    (31 B.Cu signal)
    (32 B.Adhes user)
    (33 F.Adhes user)
    (34 B.Paste user)
    (35 F.Paste user)
    (36 B.SilkS user)
    (37 F.SilkS user)
    (38 B.Mask user)
    (39 F.Mask user)
    (40 Dwgs.User user)
    (41 Cmts.User user)
    (42 Eco1.User user)
    (43 Eco2.User user)
    (44 Edge.Cuts user)
    (45 Margin user)
    (46 B.CrtYd user)
    (47 F.CrtYd user)
    (48 B.Fab user)
    (49 F.Fab user)
  )

  (setup
    (last_trace_width 0.35)
    (trace_clearance 0.2)
    (zone_clearance 0.508)
    (zone_45_only no)
    (trace_min 0.2)
    (segment_width 0.2)
    (edge_width 0.15)
    (via_size 0.8)
    (via_drill 0.4)
    (via_min_size 0.4)
    (via_min_drill 0.3)
    (uvia_size 0.3)
    (uvia_drill 0.1)
    (uvias_allowed no)
    (uvia_min_size 0.2)
    (uvia_min_drill 0.1)
    (pcb_text_width 0.3)
    (pcb_text_size 1.5 1.5)
    (mod_edge_width 0.15)
    (mod_text_size 1 1)
    (mod_text_width 0.15)
    (pad_size 1.524 1.524)
    (pad_drill 0.762)
    (pad_to_mask_clearance 0.051)
    (solder_mask_min_width 0.25)
    (aux_axis_origin 0 0)
    (visible_elements FFFFFF7F)
    (pcbplotparams
      (layerselection 0x010fc_ffffffff)
      (usegerberextensions false)
      (usegerberattributes false)
      (usegerberadvancedattributes false)
      (creategerberjobfile false)
      (excludeedgelayer true)
      (linewidth 0.100000)
      (plotframeref false)
      (viasonmask false)
      (mode 1)
      (useauxorigin false)
      (hpglpennumber 1)
      (hpglpenspeed 20)
      (hpglpendiameter 15.000000)
      (psnegative false)
      (psa4output false)
      (plotreference true)
      (plotvalue true)
      (plotinvisibletext false)
      (padsonsilk false)
      (subtractmaskfromsilk false)
      (outputformat 1)
      (mirror false)
      (drillshape 1)
      (scaleselection 1)
      (outputdirectory ""))
  )

  (net 0 "")
  (net 1 "Net-(J1-Pad1)")
  (net 2 "Net-(J1-Pad2)")
  (net 3 "Net-(J1-Pad3)")
  (net 4 "Net-(J1-Pad4)")
  (net 5 "Net-(J1-Pad5)")
  (net 6 "Net-(J1-Pad6)")
  (net 7 "Net-(J1-Pad7)")
  (net 8 "Net-(J1-Pad8)")
  (net 9 "Net-(J1-Pad9)")
  (net 10 "Net-(J1-Pad10)")
  (net 11 "Net-(J1-Pad11)")
  (net 12 "Net-(J1-Pad12)")
  (net 13 "Net-(J1-Pad13)")
  (net 14 "Net-(J1-Pad15)")
  (net 15 "Net-(J1-Pad17)")
  (net 16 "Net-(J1-Pad19)")
  (net 17 "Net-(J1-Pad21)")
  (net 18 "Net-(J1-Pad23)")
  (net 19 "Net-(J2-Pad1)")
  (net 20 "Net-(J2-Pad2)")
  (net 21 "Net-(J2-Pad3)")
  (net 22 "Net-(J2-Pad15)")
  (net 23 "Net-(J2-Pad17)")
  (net 24 "Net-(J2-Pad18)")
  (net 25 "Net-(J4-Pad20)")
  (net 26 "Net-(J4-Pad19)")
  (net 27 "Net-(J4-Pad18)")
  (net 28 "Net-(J4-Pad17)")
  (net 29 "Net-(J4-Pad5)")
  (net 30 "Net-(J4-Pad4)")
  (net 31 "Net-(J4-Pad3)")
  (net 32 "Net-(J4-Pad2)")
  (net 33 "Net-(J4-Pad1)")
  (net 34 "Net-(J2-Pad16)")

  (net_class Default "This is the default net class."
    (clearance 0.2)
    (trace_width 0.35)
    (via_dia 0.8)
    (via_drill 0.4)
    (uvia_dia 0.3)
    (uvia_drill 0.1)
    (add_net "Net-(J1-Pad1)")
    (add_net "Net-(J1-Pad10)")
    (add_net "Net-(J1-Pad11)")
    (add_net "Net-(J1-Pad12)")
    (add_net "Net-(J1-Pad13)")
    (add_net "Net-(J1-Pad15)")
    (add_net "Net-(J1-Pad17)")
    (add_net "Net-(J1-Pad19)")
    (add_net "Net-(J1-Pad2)")
    (add_net "Net-(J1-Pad21)")
    (add_net "Net-(J1-Pad3)")
    (add_net "Net-(J1-Pad4)")
    (add_net "Net-(J1-Pad5)")
    (add_net "Net-(J1-Pad6)")
    (add_net "Net-(J1-Pad7)")
    (add_net "Net-(J1-Pad8)")
    (add_net "Net-(J1-Pad9)")
    (add_net "Net-(J2-Pad1)")
    (add_net "Net-(J2-Pad15)")
    (add_net "Net-(J2-Pad16)")
    (add_net "Net-(J2-Pad17)")
    (add_net "Net-(J2-Pad18)")
    (add_net "Net-(J2-Pad2)")
    (add_net "Net-(J2-Pad3)")
    (add_net "Net-(J4-Pad1)")
    (add_net "Net-(J4-Pad17)")
    (add_net "Net-(J4-Pad18)")
    (add_net "Net-(J4-Pad19)")
    (add_net "Net-(J4-Pad2)")
    (add_net "Net-(J4-Pad20)")
    (add_net "Net-(J4-Pad3)")
    (add_net "Net-(J4-Pad4)")
    (add_net "Net-(J4-Pad5)")
  )

  (net_class earth ""
    (clearance 0.2)
    (trace_width 1)
    (via_dia 0.8)
    (via_drill 0.4)
    (uvia_dia 0.3)
    (uvia_drill 0.1)
    (add_net "Net-(J1-Pad23)")
  )

  (module microribbon:Microribbon-24_RA_Female_GPIB (layer F.Cu) (tedit 5DA79CCC) (tstamp 5DB54189)
    (at 179.197 68.707)
    (path /5DADB835)
    (fp_text reference J5 (at 5.842 -4.699 180) (layer F.SilkS)
      (effects (font (size 1 1) (thickness 0.15)))
    )
    (fp_text value Conn_02x12_Top_Bottom_MountingPin (at -20.955 1.27 180) (layer F.Fab)
      (effects (font (size 1 1) (thickness 0.15)))
    )
    (fp_line (start -5.08 -10.3759) (end -5.08 34.5059) (layer F.SilkS) (width 0.15))
    (fp_line (start 10.16 -10.3759) (end 10.16 34.5059) (layer F.SilkS) (width 0.15))
    (fp_line (start 10.16 -10.16) (end 10.16 -15.875) (layer F.SilkS) (width 0.15))
    (fp_line (start 10.16 -15.875) (end -5.08 -15.875) (layer F.SilkS) (width 0.15))
    (fp_line (start -5.08 -15.875) (end -5.08 -10.16) (layer F.SilkS) (width 0.15))
    (fp_line (start -5.08 34.29) (end -5.08 40.005) (layer F.SilkS) (width 0.15))
    (fp_line (start -5.08 40.005) (end 10.16 40.005) (layer F.SilkS) (width 0.15))
    (fp_line (start 10.16 40.005) (end 10.16 34.29) (layer F.SilkS) (width 0.15))
    (fp_line (start 10.16 -1.905) (end 18.415 -1.905) (layer F.SilkS) (width 0.15))
    (fp_line (start 18.415 -1.905) (end 18.415 26.67) (layer F.SilkS) (width 0.15))
    (fp_line (start 18.415 26.67) (end 10.16 26.67) (layer F.SilkS) (width 0.15))
    (pad 18 thru_hole oval (at 4.9403 10.9855 180) (size 2 1.524) (drill 0.9) (layers *.Cu *.Mask)
      (net 12 "Net-(J1-Pad12)"))
    (pad 6 thru_hole oval (at 0.1397 10.9855 180) (size 2 1.524) (drill 0.9) (layers *.Cu *.Mask)
      (net 11 "Net-(J1-Pad11)"))
    (pad 7 thru_hole oval (at 0.1397 13.1445 180) (size 2 1.524) (drill 0.9) (layers *.Cu *.Mask)
      (net 13 "Net-(J1-Pad13)"))
    (pad 19 thru_hole oval (at 4.9403 13.1445 180) (size 2 1.524) (drill 0.9) (layers *.Cu *.Mask)
      (net 12 "Net-(J1-Pad12)"))
    (pad 20 thru_hole oval (at 4.9403 15.3543 180) (size 2 1.524) (drill 0.9) (layers *.Cu *.Mask)
      (net 12 "Net-(J1-Pad12)"))
    (pad 21 thru_hole oval (at 4.9403 17.5133 180) (size 2 1.524) (drill 0.9) (layers *.Cu *.Mask)
      (net 12 "Net-(J1-Pad12)"))
    (pad 9 thru_hole oval (at 0.1397 17.5133 180) (size 2 1.524) (drill 0.9) (layers *.Cu *.Mask)
      (net 15 "Net-(J1-Pad17)"))
    (pad 8 thru_hole oval (at 0.1397 15.3543 180) (size 2 1.524) (drill 0.9) (layers *.Cu *.Mask)
      (net 14 "Net-(J1-Pad15)"))
    (pad 22 thru_hole oval (at 4.9403 19.6723 180) (size 2 1.524) (drill 0.9) (layers *.Cu *.Mask)
      (net 12 "Net-(J1-Pad12)"))
    (pad 23 thru_hole oval (at 4.9403 21.8313 180) (size 2 1.524) (drill 0.9) (layers *.Cu *.Mask)
      (net 12 "Net-(J1-Pad12)"))
    (pad 11 thru_hole oval (at 0.1397 21.8313 180) (size 2 1.524) (drill 0.9) (layers *.Cu *.Mask)
      (net 17 "Net-(J1-Pad21)"))
    (pad 10 thru_hole oval (at 0.1397 19.6723 180) (size 2 1.524) (drill 0.9) (layers *.Cu *.Mask)
      (net 16 "Net-(J1-Pad19)"))
    (pad 24 thru_hole oval (at 4.9403 23.9903 180) (size 2 1.524) (drill 0.9) (layers *.Cu *.Mask)
      (net 12 "Net-(J1-Pad12)"))
    (pad 12 thru_hole oval (at 0.1397 23.9903 180) (size 2 1.524) (drill 0.9) (layers *.Cu *.Mask)
      (net 18 "Net-(J1-Pad23)"))
    (pad 16 thru_hole oval (at 4.9403 6.6167 180) (size 2 1.524) (drill 0.9) (layers *.Cu *.Mask)
      (net 8 "Net-(J1-Pad8)"))
    (pad 17 thru_hole oval (at 4.9403 8.7757 180) (size 2 1.524) (drill 0.9) (layers *.Cu *.Mask)
      (net 10 "Net-(J1-Pad10)"))
    (pad 5 thru_hole oval (at 0.1397 8.7757 180) (size 2 1.524) (drill 0.9) (layers *.Cu *.Mask)
      (net 9 "Net-(J1-Pad9)"))
    (pad 4 thru_hole oval (at 0.1397 6.6167 180) (size 2 1.524) (drill 0.9) (layers *.Cu *.Mask)
      (net 7 "Net-(J1-Pad7)"))
    (pad 14 thru_hole oval (at 4.9403 2.2987 180) (size 2 1.524) (drill 0.9) (layers *.Cu *.Mask)
      (net 4 "Net-(J1-Pad4)"))
    (pad 15 thru_hole oval (at 4.9403 4.4577 180) (size 2 1.524) (drill 0.9) (layers *.Cu *.Mask)
      (net 6 "Net-(J1-Pad6)"))
    (pad 3 thru_hole oval (at 0.1397 4.4577 180) (size 2 1.5) (drill 0.9) (layers *.Cu *.Mask)
      (net 5 "Net-(J1-Pad5)"))
    (pad 2 thru_hole oval (at 0.1397 2.2987 180) (size 2 1.524) (drill 0.9) (layers *.Cu *.Mask)
      (net 3 "Net-(J1-Pad3)"))
    (pad 1 thru_hole rect (at 0.1397 0.1397 180) (size 2 1.5) (drill 0.9) (layers *.Cu *.Mask)
      (net 1 "Net-(J1-Pad1)"))
    (pad 13 thru_hole oval (at 4.9403 0.1397 180) (size 2 1.524) (drill 0.9) (layers *.Cu *.Mask)
      (net 2 "Net-(J1-Pad2)"))
    (pad MP thru_hole circle (at 2.54 -11.3284 180) (size 6.35 6.35) (drill 3.175) (layers *.Cu *.Mask)
      (net 18 "Net-(J1-Pad23)"))
    (pad MP thru_hole circle (at 2.54 35.4584 180) (size 6.35 6.35) (drill 3.175) (layers *.Cu *.Mask)
      (net 18 "Net-(J1-Pad23)"))
  )

  (module Connector_PinHeader_2.54mm:PinHeader_2x12_P2.54mm_Vertical (layer B.Cu) (tedit 5DA88E5E) (tstamp 5DA894F2)
    (at 161.29 117.475 90)
    (descr "Through hole straight pin header, 2x12, 2.54mm pitch, double rows")
    (tags "Through hole pin header THT 2x12 2.54mm double row")
    (path /5DAA1745)
    (fp_text reference J1 (at 1.143 4.445 180) (layer F.SilkS)
      (effects (font (size 1 1) (thickness 0.15)))
    )
    (fp_text value Conn_02x12_Odd_Even (at -4.699 -31.496 180) (layer F.Fab)
      (effects (font (size 1 1) (thickness 0.15)))
    )
    (fp_line (start 0 1.27) (end 3.81 1.27) (layer B.Fab) (width 0.1))
    (fp_line (start 3.81 1.27) (end 3.81 -29.21) (layer B.Fab) (width 0.1))
    (fp_line (start 3.81 -29.21) (end -1.27 -29.21) (layer B.Fab) (width 0.1))
    (fp_line (start -1.27 -29.21) (end -1.27 0) (layer B.Fab) (width 0.1))
    (fp_line (start -1.27 0) (end 0 1.27) (layer B.Fab) (width 0.1))
    (fp_line (start -1.33 -29.27) (end 3.87 -29.27) (layer B.SilkS) (width 0.12))
    (fp_line (start -1.33 -1.27) (end -1.33 -29.27) (layer B.SilkS) (width 0.12))
    (fp_line (start 3.87 1.33) (end 3.87 -29.27) (layer B.SilkS) (width 0.12))
    (fp_line (start -1.33 -1.27) (end 1.27 -1.27) (layer B.SilkS) (width 0.12))
    (fp_line (start 1.27 -1.27) (end 1.27 1.33) (layer B.SilkS) (width 0.12))
    (fp_line (start 1.27 1.33) (end 3.87 1.33) (layer B.SilkS) (width 0.12))
    (fp_line (start -1.33 0) (end -1.33 1.33) (layer B.SilkS) (width 0.12))
    (fp_line (start -1.33 1.33) (end 0 1.33) (layer B.SilkS) (width 0.12))
    (fp_line (start -1.8 1.8) (end -1.8 -29.75) (layer B.CrtYd) (width 0.05))
    (fp_line (start -1.8 -29.75) (end 4.35 -29.75) (layer B.CrtYd) (width 0.05))
    (fp_line (start 4.35 -29.75) (end 4.35 1.8) (layer B.CrtYd) (width 0.05))
    (fp_line (start 4.35 1.8) (end -1.8 1.8) (layer B.CrtYd) (width 0.05))
    (fp_text user %R (at 3.048 4.572 -180) (layer F.Fab)
      (effects (font (size 1 1) (thickness 0.15)))
    )
    (pad 1 thru_hole rect (at 0 0 90) (size 1.7 1.7) (drill 1) (layers *.Cu *.Mask)
      (net 1 "Net-(J1-Pad1)"))
    (pad 2 thru_hole oval (at 2.54 0 90) (size 1.7 1.7) (drill 1) (layers *.Cu *.Mask)
      (net 2 "Net-(J1-Pad2)"))
    (pad 3 thru_hole oval (at 0 -2.54 90) (size 1.7 1.7) (drill 1) (layers *.Cu *.Mask)
      (net 3 "Net-(J1-Pad3)"))
    (pad 4 thru_hole oval (at 2.54 -2.54 90) (size 1.7 1.7) (drill 1) (layers *.Cu *.Mask)
      (net 4 "Net-(J1-Pad4)"))
    (pad 5 thru_hole oval (at 0 -5.08 90) (size 1.7 1.7) (drill 1) (layers *.Cu *.Mask)
      (net 5 "Net-(J1-Pad5)"))
    (pad 6 thru_hole oval (at 2.54 -5.08 90) (size 1.7 1.7) (drill 1) (layers *.Cu *.Mask)
      (net 6 "Net-(J1-Pad6)"))
    (pad 7 thru_hole oval (at 0 -7.62 90) (size 1.7 1.7) (drill 1) (layers *.Cu *.Mask)
      (net 7 "Net-(J1-Pad7)"))
    (pad 8 thru_hole oval (at 2.54 -7.62 90) (size 1.7 1.7) (drill 1) (layers *.Cu *.Mask)
      (net 8 "Net-(J1-Pad8)"))
    (pad 9 thru_hole oval (at 0 -10.16 90) (size 1.7 1.7) (drill 1) (layers *.Cu *.Mask)
      (net 9 "Net-(J1-Pad9)"))
    (pad 10 thru_hole oval (at 2.54 -10.16 90) (size 1.7 1.7) (drill 1) (layers *.Cu *.Mask)
      (net 10 "Net-(J1-Pad10)"))
    (pad 11 thru_hole oval (at 0 -12.7 90) (size 1.7 1.7) (drill 1) (layers *.Cu *.Mask)
      (net 11 "Net-(J1-Pad11)"))
    (pad 12 thru_hole oval (at 2.54 -12.7 90) (size 1.7 1.7) (drill 1) (layers *.Cu *.Mask)
      (net 12 "Net-(J1-Pad12)"))
    (pad 13 thru_hole oval (at 0 -15.24 90) (size 1.7 1.7) (drill 1) (layers *.Cu *.Mask)
      (net 13 "Net-(J1-Pad13)"))
    (pad 14 thru_hole oval (at 2.54 -15.24 90) (size 1.7 1.7) (drill 1) (layers *.Cu *.Mask)
      (net 12 "Net-(J1-Pad12)"))
    (pad 15 thru_hole oval (at 0 -17.78 90) (size 1.7 1.7) (drill 1) (layers *.Cu *.Mask)
      (net 14 "Net-(J1-Pad15)"))
    (pad 16 thru_hole oval (at 2.54 -17.78 90) (size 1.7 1.7) (drill 1) (layers *.Cu *.Mask)
      (net 12 "Net-(J1-Pad12)"))
    (pad 17 thru_hole oval (at 0 -20.32 90) (size 1.7 1.7) (drill 1) (layers *.Cu *.Mask)
      (net 15 "Net-(J1-Pad17)"))
    (pad 18 thru_hole oval (at 2.54 -20.32 90) (size 1.7 1.7) (drill 1) (layers *.Cu *.Mask)
      (net 12 "Net-(J1-Pad12)"))
    (pad 19 thru_hole oval (at 0 -22.86 90) (size 1.7 1.7) (drill 1) (layers *.Cu *.Mask)
      (net 16 "Net-(J1-Pad19)"))
    (pad 20 thru_hole oval (at 2.54 -22.86 90) (size 1.7 1.7) (drill 1) (layers *.Cu *.Mask)
      (net 12 "Net-(J1-Pad12)"))
    (pad 21 thru_hole oval (at 0 -25.4 90) (size 1.7 1.7) (drill 1) (layers *.Cu *.Mask)
      (net 17 "Net-(J1-Pad21)"))
    (pad 22 thru_hole oval (at 2.54 -25.4 90) (size 1.7 1.7) (drill 1) (layers *.Cu *.Mask)
      (net 12 "Net-(J1-Pad12)"))
    (pad 23 thru_hole oval (at 0 -27.94 90) (size 1.7 1.7) (drill 1) (layers *.Cu *.Mask)
      (net 18 "Net-(J1-Pad23)"))
    (pad 24 thru_hole oval (at 2.54 -27.94 90) (size 1.7 1.7) (drill 1) (layers *.Cu *.Mask)
      (net 12 "Net-(J1-Pad12)"))
    (model ${KISYS3DMOD}/Connector_PinHeader_2.54mm.3dshapes/PinHeader_2x12_P2.54mm_Vertical.wrl
      (at (xyz 0 0 0))
      (scale (xyz 1 1 1))
      (rotate (xyz 0 0 0))
    )
  )

  (module Connector_PinHeader_2.54mm:PinHeader_2x10_P2.54mm_Vertical (layer F.Cu) (tedit 59FED5CC) (tstamp 5DB83376)
    (at 132.207 72.39)
    (descr "Through hole straight pin header, 2x10, 2.54mm pitch, double rows")
    (tags "Through hole pin header THT 2x10 2.54mm double row")
    (path /5DAA1930)
    (fp_text reference J2 (at 1.27 -2.33) (layer F.SilkS)
      (effects (font (size 1 1) (thickness 0.15)))
    )
    (fp_text value Conn_02x10_Odd_Even (at 1.27 25.19) (layer F.Fab)
      (effects (font (size 1 1) (thickness 0.15)))
    )
    (fp_line (start 0 -1.27) (end 3.81 -1.27) (layer F.Fab) (width 0.1))
    (fp_line (start 3.81 -1.27) (end 3.81 24.13) (layer F.Fab) (width 0.1))
    (fp_line (start 3.81 24.13) (end -1.27 24.13) (layer F.Fab) (width 0.1))
    (fp_line (start -1.27 24.13) (end -1.27 0) (layer F.Fab) (width 0.1))
    (fp_line (start -1.27 0) (end 0 -1.27) (layer F.Fab) (width 0.1))
    (fp_line (start -1.33 24.19) (end 3.87 24.19) (layer F.SilkS) (width 0.12))
    (fp_line (start -1.33 1.27) (end -1.33 24.19) (layer F.SilkS) (width 0.12))
    (fp_line (start 3.87 -1.33) (end 3.87 24.19) (layer F.SilkS) (width 0.12))
    (fp_line (start -1.33 1.27) (end 1.27 1.27) (layer F.SilkS) (width 0.12))
    (fp_line (start 1.27 1.27) (end 1.27 -1.33) (layer F.SilkS) (width 0.12))
    (fp_line (start 1.27 -1.33) (end 3.87 -1.33) (layer F.SilkS) (width 0.12))
    (fp_line (start -1.33 0) (end -1.33 -1.33) (layer F.SilkS) (width 0.12))
    (fp_line (start -1.33 -1.33) (end 0 -1.33) (layer F.SilkS) (width 0.12))
    (fp_line (start -1.8 -1.8) (end -1.8 24.65) (layer F.CrtYd) (width 0.05))
    (fp_line (start -1.8 24.65) (end 4.35 24.65) (layer F.CrtYd) (width 0.05))
    (fp_line (start 4.35 24.65) (end 4.35 -1.8) (layer F.CrtYd) (width 0.05))
    (fp_line (start 4.35 -1.8) (end -1.8 -1.8) (layer F.CrtYd) (width 0.05))
    (fp_text user %R (at 1.27 11.43 90) (layer F.Fab)
      (effects (font (size 1 1) (thickness 0.15)))
    )
    (pad 1 thru_hole rect (at 0 0) (size 1.7 1.7) (drill 1) (layers *.Cu *.Mask)
      (net 19 "Net-(J2-Pad1)"))
    (pad 2 thru_hole oval (at 2.54 0) (size 1.7 1.7) (drill 1) (layers *.Cu *.Mask)
      (net 20 "Net-(J2-Pad2)"))
    (pad 3 thru_hole oval (at 0 2.54) (size 1.7 1.7) (drill 1) (layers *.Cu *.Mask)
      (net 21 "Net-(J2-Pad3)"))
    (pad 4 thru_hole oval (at 2.54 2.54) (size 1.7 1.7) (drill 1) (layers *.Cu *.Mask)
      (net 12 "Net-(J1-Pad12)"))
    (pad 5 thru_hole oval (at 0 5.08) (size 1.7 1.7) (drill 1) (layers *.Cu *.Mask))
    (pad 6 thru_hole oval (at 2.54 5.08) (size 1.7 1.7) (drill 1) (layers *.Cu *.Mask))
    (pad 7 thru_hole oval (at 0 7.62) (size 1.7 1.7) (drill 1) (layers *.Cu *.Mask))
    (pad 8 thru_hole oval (at 2.54 7.62) (size 1.7 1.7) (drill 1) (layers *.Cu *.Mask))
    (pad 9 thru_hole oval (at 0 10.16) (size 1.7 1.7) (drill 1) (layers *.Cu *.Mask)
      (net 12 "Net-(J1-Pad12)"))
    (pad 10 thru_hole oval (at 2.54 10.16) (size 1.7 1.7) (drill 1) (layers *.Cu *.Mask))
    (pad 11 thru_hole oval (at 0 12.7) (size 1.7 1.7) (drill 1) (layers *.Cu *.Mask)
      (net 12 "Net-(J1-Pad12)"))
    (pad 12 thru_hole oval (at 2.54 12.7) (size 1.7 1.7) (drill 1) (layers *.Cu *.Mask))
    (pad 13 thru_hole oval (at 0 15.24) (size 1.7 1.7) (drill 1) (layers *.Cu *.Mask))
    (pad 14 thru_hole oval (at 2.54 15.24) (size 1.7 1.7) (drill 1) (layers *.Cu *.Mask))
    (pad 15 thru_hole oval (at 0 17.78) (size 1.7 1.7) (drill 1) (layers *.Cu *.Mask)
      (net 22 "Net-(J2-Pad15)"))
    (pad 16 thru_hole oval (at 2.54 17.78) (size 1.7 1.7) (drill 1) (layers *.Cu *.Mask)
      (net 34 "Net-(J2-Pad16)"))
    (pad 17 thru_hole oval (at 0 20.32) (size 1.7 1.7) (drill 1) (layers *.Cu *.Mask)
      (net 23 "Net-(J2-Pad17)"))
    (pad 18 thru_hole oval (at 2.54 20.32) (size 1.7 1.7) (drill 1) (layers *.Cu *.Mask)
      (net 24 "Net-(J2-Pad18)"))
    (pad 19 thru_hole oval (at 0 22.86) (size 1.7 1.7) (drill 1) (layers *.Cu *.Mask)
      (net 12 "Net-(J1-Pad12)"))
    (pad 20 thru_hole oval (at 2.54 22.86) (size 1.7 1.7) (drill 1) (layers *.Cu *.Mask))
    (model ${KISYS3DMOD}/Connector_PinHeader_2.54mm.3dshapes/PinHeader_2x10_P2.54mm_Vertical.wrl
      (at (xyz 0 0 0))
      (scale (xyz 1 1 1))
      (rotate (xyz 0 0 0))
    )
  )

  (module Connector_PinHeader_2.54mm:PinHeader_2x10_P2.54mm_Vertical (layer F.Cu) (tedit 59FED5CC) (tstamp 5DB831E4)
    (at 160.147 72.39)
    (descr "Through hole straight pin header, 2x10, 2.54mm pitch, double rows")
    (tags "Through hole pin header THT 2x10 2.54mm double row")
    (path /5DAA1A0C)
    (fp_text reference J4 (at 1.27 -2.33) (layer F.SilkS)
      (effects (font (size 1 1) (thickness 0.15)))
    )
    (fp_text value Conn_02x10_Odd_Even (at 1.27 25.19) (layer F.Fab)
      (effects (font (size 1 1) (thickness 0.15)))
    )
    (fp_text user %R (at 1.27 11.43 90) (layer F.Fab)
      (effects (font (size 1 1) (thickness 0.15)))
    )
    (fp_line (start 4.35 -1.8) (end -1.8 -1.8) (layer F.CrtYd) (width 0.05))
    (fp_line (start 4.35 24.65) (end 4.35 -1.8) (layer F.CrtYd) (width 0.05))
    (fp_line (start -1.8 24.65) (end 4.35 24.65) (layer F.CrtYd) (width 0.05))
    (fp_line (start -1.8 -1.8) (end -1.8 24.65) (layer F.CrtYd) (width 0.05))
    (fp_line (start -1.33 -1.33) (end 0 -1.33) (layer F.SilkS) (width 0.12))
    (fp_line (start -1.33 0) (end -1.33 -1.33) (layer F.SilkS) (width 0.12))
    (fp_line (start 1.27 -1.33) (end 3.87 -1.33) (layer F.SilkS) (width 0.12))
    (fp_line (start 1.27 1.27) (end 1.27 -1.33) (layer F.SilkS) (width 0.12))
    (fp_line (start -1.33 1.27) (end 1.27 1.27) (layer F.SilkS) (width 0.12))
    (fp_line (start 3.87 -1.33) (end 3.87 24.19) (layer F.SilkS) (width 0.12))
    (fp_line (start -1.33 1.27) (end -1.33 24.19) (layer F.SilkS) (width 0.12))
    (fp_line (start -1.33 24.19) (end 3.87 24.19) (layer F.SilkS) (width 0.12))
    (fp_line (start -1.27 0) (end 0 -1.27) (layer F.Fab) (width 0.1))
    (fp_line (start -1.27 24.13) (end -1.27 0) (layer F.Fab) (width 0.1))
    (fp_line (start 3.81 24.13) (end -1.27 24.13) (layer F.Fab) (width 0.1))
    (fp_line (start 3.81 -1.27) (end 3.81 24.13) (layer F.Fab) (width 0.1))
    (fp_line (start 0 -1.27) (end 3.81 -1.27) (layer F.Fab) (width 0.1))
    (pad 20 thru_hole oval (at 2.54 22.86) (size 1.7 1.7) (drill 1) (layers *.Cu *.Mask)
      (net 25 "Net-(J4-Pad20)"))
    (pad 19 thru_hole oval (at 0 22.86) (size 1.7 1.7) (drill 1) (layers *.Cu *.Mask)
      (net 26 "Net-(J4-Pad19)"))
    (pad 18 thru_hole oval (at 2.54 20.32) (size 1.7 1.7) (drill 1) (layers *.Cu *.Mask)
      (net 27 "Net-(J4-Pad18)"))
    (pad 17 thru_hole oval (at 0 20.32) (size 1.7 1.7) (drill 1) (layers *.Cu *.Mask)
      (net 28 "Net-(J4-Pad17)"))
    (pad 16 thru_hole oval (at 2.54 17.78) (size 1.7 1.7) (drill 1) (layers *.Cu *.Mask))
    (pad 15 thru_hole oval (at 0 17.78) (size 1.7 1.7) (drill 1) (layers *.Cu *.Mask))
    (pad 14 thru_hole oval (at 2.54 15.24) (size 1.7 1.7) (drill 1) (layers *.Cu *.Mask))
    (pad 13 thru_hole oval (at 0 15.24) (size 1.7 1.7) (drill 1) (layers *.Cu *.Mask))
    (pad 12 thru_hole oval (at 2.54 12.7) (size 1.7 1.7) (drill 1) (layers *.Cu *.Mask))
    (pad 11 thru_hole oval (at 0 12.7) (size 1.7 1.7) (drill 1) (layers *.Cu *.Mask))
    (pad 10 thru_hole oval (at 2.54 10.16) (size 1.7 1.7) (drill 1) (layers *.Cu *.Mask))
    (pad 9 thru_hole oval (at 0 10.16) (size 1.7 1.7) (drill 1) (layers *.Cu *.Mask))
    (pad 8 thru_hole oval (at 2.54 7.62) (size 1.7 1.7) (drill 1) (layers *.Cu *.Mask))
    (pad 7 thru_hole oval (at 0 7.62) (size 1.7 1.7) (drill 1) (layers *.Cu *.Mask))
    (pad 6 thru_hole oval (at 2.54 5.08) (size 1.7 1.7) (drill 1) (layers *.Cu *.Mask))
    (pad 5 thru_hole oval (at 0 5.08) (size 1.7 1.7) (drill 1) (layers *.Cu *.Mask)
      (net 29 "Net-(J4-Pad5)"))
    (pad 4 thru_hole oval (at 2.54 2.54) (size 1.7 1.7) (drill 1) (layers *.Cu *.Mask)
      (net 30 "Net-(J4-Pad4)"))
    (pad 3 thru_hole oval (at 0 2.54) (size 1.7 1.7) (drill 1) (layers *.Cu *.Mask)
      (net 31 "Net-(J4-Pad3)"))
    (pad 2 thru_hole oval (at 2.54 0) (size 1.7 1.7) (drill 1) (layers *.Cu *.Mask)
      (net 32 "Net-(J4-Pad2)"))
    (pad 1 thru_hole rect (at 0 0) (size 1.7 1.7) (drill 1) (layers *.Cu *.Mask)
      (net 33 "Net-(J4-Pad1)"))
    (model ${KISYS3DMOD}/Connector_PinHeader_2.54mm.3dshapes/PinHeader_2x10_P2.54mm_Vertical.wrl
      (at (xyz 0 0 0))
      (scale (xyz 1 1 1))
      (rotate (xyz 0 0 0))
    )
  )

  (module Resistor_SMD:R_0805_2012Metric (layer F.Cu) (tedit 5B36C52B) (tstamp 5DB83438)
    (at 126.7945 72.39 180)
    (descr "Resistor SMD 0805 (2012 Metric), square (rectangular) end terminal, IPC_7351 nominal, (Body size source: https://docs.google.com/spreadsheets/d/1BsfQQcO9C6DZCsRaXUlFlo91Tg2WpOkGARC1WS5S8t0/edit?usp=sharing), generated with kicad-footprint-generator")
    (tags resistor)
    (path /5DB6446D)
    (attr smd)
    (fp_text reference R1 (at 0 -1.65) (layer F.SilkS)
      (effects (font (size 1 1) (thickness 0.15)))
    )
    (fp_text value R (at 0 1.65 180) (layer F.Fab)
      (effects (font (size 1 1) (thickness 0.15)))
    )
    (fp_text user %R (at 0 0 270) (layer F.Fab)
      (effects (font (size 0.5 0.5) (thickness 0.08)))
    )
    (fp_line (start 1.68 0.95) (end -1.68 0.95) (layer F.CrtYd) (width 0.05))
    (fp_line (start 1.68 -0.95) (end 1.68 0.95) (layer F.CrtYd) (width 0.05))
    (fp_line (start -1.68 -0.95) (end 1.68 -0.95) (layer F.CrtYd) (width 0.05))
    (fp_line (start -1.68 0.95) (end -1.68 -0.95) (layer F.CrtYd) (width 0.05))
    (fp_line (start -0.258578 0.71) (end 0.258578 0.71) (layer F.SilkS) (width 0.12))
    (fp_line (start -0.258578 -0.71) (end 0.258578 -0.71) (layer F.SilkS) (width 0.12))
    (fp_line (start 1 0.6) (end -1 0.6) (layer F.Fab) (width 0.1))
    (fp_line (start 1 -0.6) (end 1 0.6) (layer F.Fab) (width 0.1))
    (fp_line (start -1 -0.6) (end 1 -0.6) (layer F.Fab) (width 0.1))
    (fp_line (start -1 0.6) (end -1 -0.6) (layer F.Fab) (width 0.1))
    (pad 2 smd roundrect (at 0.9375 0 180) (size 0.975 1.4) (layers F.Cu F.Paste F.Mask) (roundrect_rratio 0.25)
      (net 16 "Net-(J1-Pad19)"))
    (pad 1 smd roundrect (at -0.9375 0 180) (size 0.975 1.4) (layers F.Cu F.Paste F.Mask) (roundrect_rratio 0.25)
      (net 19 "Net-(J2-Pad1)"))
    (model ${KISYS3DMOD}/Resistor_SMD.3dshapes/R_0805_2012Metric.wrl
      (at (xyz 0 0 0))
      (scale (xyz 1 1 1))
      (rotate (xyz 0 0 0))
    )
  )

  (module Resistor_SMD:R_0805_2012Metric (layer F.Cu) (tedit 5B36C52B) (tstamp 5DB830E4)
    (at 126.8245 74.93 180)
    (descr "Resistor SMD 0805 (2012 Metric), square (rectangular) end terminal, IPC_7351 nominal, (Body size source: https://docs.google.com/spreadsheets/d/1BsfQQcO9C6DZCsRaXUlFlo91Tg2WpOkGARC1WS5S8t0/edit?usp=sharing), generated with kicad-footprint-generator")
    (tags resistor)
    (path /5DB64552)
    (attr smd)
    (fp_text reference R2 (at 0 -1.65 180) (layer F.SilkS)
      (effects (font (size 1 1) (thickness 0.15)))
    )
    (fp_text value R (at 0 1.65 180) (layer F.Fab)
      (effects (font (size 1 1) (thickness 0.15)))
    )
    (fp_line (start -1 0.6) (end -1 -0.6) (layer F.Fab) (width 0.1))
    (fp_line (start -1 -0.6) (end 1 -0.6) (layer F.Fab) (width 0.1))
    (fp_line (start 1 -0.6) (end 1 0.6) (layer F.Fab) (width 0.1))
    (fp_line (start 1 0.6) (end -1 0.6) (layer F.Fab) (width 0.1))
    (fp_line (start -0.258578 -0.71) (end 0.258578 -0.71) (layer F.SilkS) (width 0.12))
    (fp_line (start -0.258578 0.71) (end 0.258578 0.71) (layer F.SilkS) (width 0.12))
    (fp_line (start -1.68 0.95) (end -1.68 -0.95) (layer F.CrtYd) (width 0.05))
    (fp_line (start -1.68 -0.95) (end 1.68 -0.95) (layer F.CrtYd) (width 0.05))
    (fp_line (start 1.68 -0.95) (end 1.68 0.95) (layer F.CrtYd) (width 0.05))
    (fp_line (start 1.68 0.95) (end -1.68 0.95) (layer F.CrtYd) (width 0.05))
    (fp_text user %R (at 0 0 180) (layer F.Fab)
      (effects (font (size 0.5 0.5) (thickness 0.08)))
    )
    (pad 1 smd roundrect (at -0.9375 0 180) (size 0.975 1.4) (layers F.Cu F.Paste F.Mask) (roundrect_rratio 0.25)
      (net 21 "Net-(J2-Pad3)"))
    (pad 2 smd roundrect (at 0.9375 0 180) (size 0.975 1.4) (layers F.Cu F.Paste F.Mask) (roundrect_rratio 0.25)
      (net 10 "Net-(J1-Pad10)"))
    (model ${KISYS3DMOD}/Resistor_SMD.3dshapes/R_0805_2012Metric.wrl
      (at (xyz 0 0 0))
      (scale (xyz 1 1 1))
      (rotate (xyz 0 0 0))
    )
  )

  (module Resistor_SMD:R_0805_2012Metric (layer F.Cu) (tedit 5B36C52B) (tstamp 5DB83498)
    (at 126.873 90.17 180)
    (descr "Resistor SMD 0805 (2012 Metric), square (rectangular) end terminal, IPC_7351 nominal, (Body size source: https://docs.google.com/spreadsheets/d/1BsfQQcO9C6DZCsRaXUlFlo91Tg2WpOkGARC1WS5S8t0/edit?usp=sharing), generated with kicad-footprint-generator")
    (tags resistor)
    (path /5DB645B6)
    (attr smd)
    (fp_text reference R3 (at 0 -1.65 180) (layer F.SilkS)
      (effects (font (size 1 1) (thickness 0.15)))
    )
    (fp_text value R (at 0 1.65 180) (layer F.Fab)
      (effects (font (size 1 1) (thickness 0.15)))
    )
    (fp_line (start -1 0.6) (end -1 -0.6) (layer F.Fab) (width 0.1))
    (fp_line (start -1 -0.6) (end 1 -0.6) (layer F.Fab) (width 0.1))
    (fp_line (start 1 -0.6) (end 1 0.6) (layer F.Fab) (width 0.1))
    (fp_line (start 1 0.6) (end -1 0.6) (layer F.Fab) (width 0.1))
    (fp_line (start -0.258578 -0.71) (end 0.258578 -0.71) (layer F.SilkS) (width 0.12))
    (fp_line (start -0.258578 0.71) (end 0.258578 0.71) (layer F.SilkS) (width 0.12))
    (fp_line (start -1.68 0.95) (end -1.68 -0.95) (layer F.CrtYd) (width 0.05))
    (fp_line (start -1.68 -0.95) (end 1.68 -0.95) (layer F.CrtYd) (width 0.05))
    (fp_line (start 1.68 -0.95) (end 1.68 0.95) (layer F.CrtYd) (width 0.05))
    (fp_line (start 1.68 0.95) (end -1.68 0.95) (layer F.CrtYd) (width 0.05))
    (fp_text user %R (at 0 0 180) (layer F.Fab)
      (effects (font (size 0.5 0.5) (thickness 0.08)))
    )
    (pad 1 smd roundrect (at -0.9375 0 180) (size 0.975 1.4) (layers F.Cu F.Paste F.Mask) (roundrect_rratio 0.25)
      (net 22 "Net-(J2-Pad15)"))
    (pad 2 smd roundrect (at 0.9375 0 180) (size 0.975 1.4) (layers F.Cu F.Paste F.Mask) (roundrect_rratio 0.25)
      (net 1 "Net-(J1-Pad1)"))
    (model ${KISYS3DMOD}/Resistor_SMD.3dshapes/R_0805_2012Metric.wrl
      (at (xyz 0 0 0))
      (scale (xyz 1 1 1))
      (rotate (xyz 0 0 0))
    )
  )

  (module Resistor_SMD:R_0805_2012Metric (layer F.Cu) (tedit 5B36C52B) (tstamp 5DB8360F)
    (at 126.9515 92.71 180)
    (descr "Resistor SMD 0805 (2012 Metric), square (rectangular) end terminal, IPC_7351 nominal, (Body size source: https://docs.google.com/spreadsheets/d/1BsfQQcO9C6DZCsRaXUlFlo91Tg2WpOkGARC1WS5S8t0/edit?usp=sharing), generated with kicad-footprint-generator")
    (tags resistor)
    (path /5DB64619)
    (attr smd)
    (fp_text reference R4 (at 0 -1.65 180) (layer F.SilkS)
      (effects (font (size 1 1) (thickness 0.15)))
    )
    (fp_text value R (at 0 1.65 180) (layer F.Fab)
      (effects (font (size 1 1) (thickness 0.15)))
    )
    (fp_text user %R (at 0 0 180) (layer F.Fab)
      (effects (font (size 0.5 0.5) (thickness 0.08)))
    )
    (fp_line (start 1.68 0.95) (end -1.68 0.95) (layer F.CrtYd) (width 0.05))
    (fp_line (start 1.68 -0.95) (end 1.68 0.95) (layer F.CrtYd) (width 0.05))
    (fp_line (start -1.68 -0.95) (end 1.68 -0.95) (layer F.CrtYd) (width 0.05))
    (fp_line (start -1.68 0.95) (end -1.68 -0.95) (layer F.CrtYd) (width 0.05))
    (fp_line (start -0.258578 0.71) (end 0.258578 0.71) (layer F.SilkS) (width 0.12))
    (fp_line (start -0.258578 -0.71) (end 0.258578 -0.71) (layer F.SilkS) (width 0.12))
    (fp_line (start 1 0.6) (end -1 0.6) (layer F.Fab) (width 0.1))
    (fp_line (start 1 -0.6) (end 1 0.6) (layer F.Fab) (width 0.1))
    (fp_line (start -1 -0.6) (end 1 -0.6) (layer F.Fab) (width 0.1))
    (fp_line (start -1 0.6) (end -1 -0.6) (layer F.Fab) (width 0.1))
    (pad 2 smd roundrect (at 0.9375 0 180) (size 0.975 1.4) (layers F.Cu F.Paste F.Mask) (roundrect_rratio 0.25)
      (net 5 "Net-(J1-Pad5)"))
    (pad 1 smd roundrect (at -0.9375 0 180) (size 0.975 1.4) (layers F.Cu F.Paste F.Mask) (roundrect_rratio 0.25)
      (net 23 "Net-(J2-Pad17)"))
    (model ${KISYS3DMOD}/Resistor_SMD.3dshapes/R_0805_2012Metric.wrl
      (at (xyz 0 0 0))
      (scale (xyz 1 1 1))
      (rotate (xyz 0 0 0))
    )
  )

  (module Resistor_SMD:R_0805_2012Metric (layer F.Cu) (tedit 5B36C52B) (tstamp 5DB834C8)
    (at 140.843 92.71)
    (descr "Resistor SMD 0805 (2012 Metric), square (rectangular) end terminal, IPC_7351 nominal, (Body size source: https://docs.google.com/spreadsheets/d/1BsfQQcO9C6DZCsRaXUlFlo91Tg2WpOkGARC1WS5S8t0/edit?usp=sharing), generated with kicad-footprint-generator")
    (tags resistor)
    (path /5DB6470D)
    (attr smd)
    (fp_text reference R5 (at 0 -1.65) (layer F.SilkS)
      (effects (font (size 1 1) (thickness 0.15)))
    )
    (fp_text value R (at 0 1.65) (layer F.Fab)
      (effects (font (size 1 1) (thickness 0.15)))
    )
    (fp_line (start -1 0.6) (end -1 -0.6) (layer F.Fab) (width 0.1))
    (fp_line (start -1 -0.6) (end 1 -0.6) (layer F.Fab) (width 0.1))
    (fp_line (start 1 -0.6) (end 1 0.6) (layer F.Fab) (width 0.1))
    (fp_line (start 1 0.6) (end -1 0.6) (layer F.Fab) (width 0.1))
    (fp_line (start -0.258578 -0.71) (end 0.258578 -0.71) (layer F.SilkS) (width 0.12))
    (fp_line (start -0.258578 0.71) (end 0.258578 0.71) (layer F.SilkS) (width 0.12))
    (fp_line (start -1.68 0.95) (end -1.68 -0.95) (layer F.CrtYd) (width 0.05))
    (fp_line (start -1.68 -0.95) (end 1.68 -0.95) (layer F.CrtYd) (width 0.05))
    (fp_line (start 1.68 -0.95) (end 1.68 0.95) (layer F.CrtYd) (width 0.05))
    (fp_line (start 1.68 0.95) (end -1.68 0.95) (layer F.CrtYd) (width 0.05))
    (fp_text user %R (at 0 0) (layer F.Fab)
      (effects (font (size 0.5 0.5) (thickness 0.08)))
    )
    (pad 1 smd roundrect (at -0.9375 0) (size 0.975 1.4) (layers F.Cu F.Paste F.Mask) (roundrect_rratio 0.25)
      (net 24 "Net-(J2-Pad18)"))
    (pad 2 smd roundrect (at 0.9375 0) (size 0.975 1.4) (layers F.Cu F.Paste F.Mask) (roundrect_rratio 0.25)
      (net 7 "Net-(J1-Pad7)"))
    (model ${KISYS3DMOD}/Resistor_SMD.3dshapes/R_0805_2012Metric.wrl
      (at (xyz 0 0 0))
      (scale (xyz 1 1 1))
      (rotate (xyz 0 0 0))
    )
  )

  (module Resistor_SMD:R_0805_2012Metric (layer F.Cu) (tedit 5B36C52B) (tstamp 5DB834F8)
    (at 140.7945 90.17)
    (descr "Resistor SMD 0805 (2012 Metric), square (rectangular) end terminal, IPC_7351 nominal, (Body size source: https://docs.google.com/spreadsheets/d/1BsfQQcO9C6DZCsRaXUlFlo91Tg2WpOkGARC1WS5S8t0/edit?usp=sharing), generated with kicad-footprint-generator")
    (tags resistor)
    (path /5DB647B2)
    (attr smd)
    (fp_text reference R6 (at 0 -1.65) (layer F.SilkS)
      (effects (font (size 1 1) (thickness 0.15)))
    )
    (fp_text value R (at 0 1.65) (layer F.Fab)
      (effects (font (size 1 1) (thickness 0.15)))
    )
    (fp_text user %R (at 0 0) (layer F.Fab)
      (effects (font (size 0.5 0.5) (thickness 0.08)))
    )
    (fp_line (start 1.68 0.95) (end -1.68 0.95) (layer F.CrtYd) (width 0.05))
    (fp_line (start 1.68 -0.95) (end 1.68 0.95) (layer F.CrtYd) (width 0.05))
    (fp_line (start -1.68 -0.95) (end 1.68 -0.95) (layer F.CrtYd) (width 0.05))
    (fp_line (start -1.68 0.95) (end -1.68 -0.95) (layer F.CrtYd) (width 0.05))
    (fp_line (start -0.258578 0.71) (end 0.258578 0.71) (layer F.SilkS) (width 0.12))
    (fp_line (start -0.258578 -0.71) (end 0.258578 -0.71) (layer F.SilkS) (width 0.12))
    (fp_line (start 1 0.6) (end -1 0.6) (layer F.Fab) (width 0.1))
    (fp_line (start 1 -0.6) (end 1 0.6) (layer F.Fab) (width 0.1))
    (fp_line (start -1 -0.6) (end 1 -0.6) (layer F.Fab) (width 0.1))
    (fp_line (start -1 0.6) (end -1 -0.6) (layer F.Fab) (width 0.1))
    (pad 2 smd roundrect (at 0.9375 0) (size 0.975 1.4) (layers F.Cu F.Paste F.Mask) (roundrect_rratio 0.25)
      (net 3 "Net-(J1-Pad3)"))
    (pad 1 smd roundrect (at -0.9375 0) (size 0.975 1.4) (layers F.Cu F.Paste F.Mask) (roundrect_rratio 0.25)
      (net 34 "Net-(J2-Pad16)"))
    (model ${KISYS3DMOD}/Resistor_SMD.3dshapes/R_0805_2012Metric.wrl
      (at (xyz 0 0 0))
      (scale (xyz 1 1 1))
      (rotate (xyz 0 0 0))
    )
  )

  (module Resistor_SMD:R_0805_2012Metric (layer F.Cu) (tedit 5B36C52B) (tstamp 5DB83276)
    (at 140.589 72.39)
    (descr "Resistor SMD 0805 (2012 Metric), square (rectangular) end terminal, IPC_7351 nominal, (Body size source: https://docs.google.com/spreadsheets/d/1BsfQQcO9C6DZCsRaXUlFlo91Tg2WpOkGARC1WS5S8t0/edit?usp=sharing), generated with kicad-footprint-generator")
    (tags resistor)
    (path /5DB64834)
    (attr smd)
    (fp_text reference R7 (at 0 -1.65) (layer F.SilkS)
      (effects (font (size 1 1) (thickness 0.15)))
    )
    (fp_text value R (at 0 1.65) (layer F.Fab)
      (effects (font (size 1 1) (thickness 0.15)))
    )
    (fp_line (start -1 0.6) (end -1 -0.6) (layer F.Fab) (width 0.1))
    (fp_line (start -1 -0.6) (end 1 -0.6) (layer F.Fab) (width 0.1))
    (fp_line (start 1 -0.6) (end 1 0.6) (layer F.Fab) (width 0.1))
    (fp_line (start 1 0.6) (end -1 0.6) (layer F.Fab) (width 0.1))
    (fp_line (start -0.258578 -0.71) (end 0.258578 -0.71) (layer F.SilkS) (width 0.12))
    (fp_line (start -0.258578 0.71) (end 0.258578 0.71) (layer F.SilkS) (width 0.12))
    (fp_line (start -1.68 0.95) (end -1.68 -0.95) (layer F.CrtYd) (width 0.05))
    (fp_line (start -1.68 -0.95) (end 1.68 -0.95) (layer F.CrtYd) (width 0.05))
    (fp_line (start 1.68 -0.95) (end 1.68 0.95) (layer F.CrtYd) (width 0.05))
    (fp_line (start 1.68 0.95) (end -1.68 0.95) (layer F.CrtYd) (width 0.05))
    (fp_text user %R (at 0 0) (layer F.Fab)
      (effects (font (size 0.5 0.5) (thickness 0.08)))
    )
    (pad 1 smd roundrect (at -0.9375 0) (size 0.975 1.4) (layers F.Cu F.Paste F.Mask) (roundrect_rratio 0.25)
      (net 20 "Net-(J2-Pad2)"))
    (pad 2 smd roundrect (at 0.9375 0) (size 0.975 1.4) (layers F.Cu F.Paste F.Mask) (roundrect_rratio 0.25)
      (net 17 "Net-(J1-Pad21)"))
    (model ${KISYS3DMOD}/Resistor_SMD.3dshapes/R_0805_2012Metric.wrl
      (at (xyz 0 0 0))
      (scale (xyz 1 1 1))
      (rotate (xyz 0 0 0))
    )
  )

  (module Resistor_SMD:R_0805_2012Metric (layer F.Cu) (tedit 5B36C52B) (tstamp 5DB832A6)
    (at 154.6375 72.39 180)
    (descr "Resistor SMD 0805 (2012 Metric), square (rectangular) end terminal, IPC_7351 nominal, (Body size source: https://docs.google.com/spreadsheets/d/1BsfQQcO9C6DZCsRaXUlFlo91Tg2WpOkGARC1WS5S8t0/edit?usp=sharing), generated with kicad-footprint-generator")
    (tags resistor)
    (path /5DB6496D)
    (attr smd)
    (fp_text reference R8 (at 0 -1.65 180) (layer F.SilkS)
      (effects (font (size 1 1) (thickness 0.15)))
    )
    (fp_text value R (at 0 1.65 180) (layer F.Fab)
      (effects (font (size 1 1) (thickness 0.15)))
    )
    (fp_text user %R (at 0 0 180) (layer F.Fab)
      (effects (font (size 0.5 0.5) (thickness 0.08)))
    )
    (fp_line (start 1.68 0.95) (end -1.68 0.95) (layer F.CrtYd) (width 0.05))
    (fp_line (start 1.68 -0.95) (end 1.68 0.95) (layer F.CrtYd) (width 0.05))
    (fp_line (start -1.68 -0.95) (end 1.68 -0.95) (layer F.CrtYd) (width 0.05))
    (fp_line (start -1.68 0.95) (end -1.68 -0.95) (layer F.CrtYd) (width 0.05))
    (fp_line (start -0.258578 0.71) (end 0.258578 0.71) (layer F.SilkS) (width 0.12))
    (fp_line (start -0.258578 -0.71) (end 0.258578 -0.71) (layer F.SilkS) (width 0.12))
    (fp_line (start 1 0.6) (end -1 0.6) (layer F.Fab) (width 0.1))
    (fp_line (start 1 -0.6) (end 1 0.6) (layer F.Fab) (width 0.1))
    (fp_line (start -1 -0.6) (end 1 -0.6) (layer F.Fab) (width 0.1))
    (fp_line (start -1 0.6) (end -1 -0.6) (layer F.Fab) (width 0.1))
    (pad 2 smd roundrect (at 0.9375 0 180) (size 0.975 1.4) (layers F.Cu F.Paste F.Mask) (roundrect_rratio 0.25)
      (net 15 "Net-(J1-Pad17)"))
    (pad 1 smd roundrect (at -0.9375 0 180) (size 0.975 1.4) (layers F.Cu F.Paste F.Mask) (roundrect_rratio 0.25)
      (net 33 "Net-(J4-Pad1)"))
    (model ${KISYS3DMOD}/Resistor_SMD.3dshapes/R_0805_2012Metric.wrl
      (at (xyz 0 0 0))
      (scale (xyz 1 1 1))
      (rotate (xyz 0 0 0))
    )
  )

  (module Resistor_SMD:R_0805_2012Metric (layer F.Cu) (tedit 5B36C52B) (tstamp 5DB835AF)
    (at 154.6375 74.93 180)
    (descr "Resistor SMD 0805 (2012 Metric), square (rectangular) end terminal, IPC_7351 nominal, (Body size source: https://docs.google.com/spreadsheets/d/1BsfQQcO9C6DZCsRaXUlFlo91Tg2WpOkGARC1WS5S8t0/edit?usp=sharing), generated with kicad-footprint-generator")
    (tags resistor)
    (path /5DB64A09)
    (attr smd)
    (fp_text reference R9 (at 0 -1.65 180) (layer F.SilkS)
      (effects (font (size 1 1) (thickness 0.15)))
    )
    (fp_text value R (at 0 1.65 180) (layer F.Fab)
      (effects (font (size 1 1) (thickness 0.15)))
    )
    (fp_line (start -1 0.6) (end -1 -0.6) (layer F.Fab) (width 0.1))
    (fp_line (start -1 -0.6) (end 1 -0.6) (layer F.Fab) (width 0.1))
    (fp_line (start 1 -0.6) (end 1 0.6) (layer F.Fab) (width 0.1))
    (fp_line (start 1 0.6) (end -1 0.6) (layer F.Fab) (width 0.1))
    (fp_line (start -0.258578 -0.71) (end 0.258578 -0.71) (layer F.SilkS) (width 0.12))
    (fp_line (start -0.258578 0.71) (end 0.258578 0.71) (layer F.SilkS) (width 0.12))
    (fp_line (start -1.68 0.95) (end -1.68 -0.95) (layer F.CrtYd) (width 0.05))
    (fp_line (start -1.68 -0.95) (end 1.68 -0.95) (layer F.CrtYd) (width 0.05))
    (fp_line (start 1.68 -0.95) (end 1.68 0.95) (layer F.CrtYd) (width 0.05))
    (fp_line (start 1.68 0.95) (end -1.68 0.95) (layer F.CrtYd) (width 0.05))
    (fp_text user %R (at 0 0 180) (layer F.Fab)
      (effects (font (size 0.5 0.5) (thickness 0.08)))
    )
